0 0
0 0
0 0
0 0
0 0
0 0
0 0
0 0
0 0
0 0
0 0
0 0
0 0
0 0
0 0
0 0
0 0
0 0
0 0
0 0
0 0
0 0
0 0
0 0
0 0
0 0
0 0
0 0
0 0
0 0
0 0
0 0
0 0
0 0
0 0
0 0
0 0
0 0
0 0
0 0
0 0
0 0
0 0
0 0
0 0
0 0
0 0
0 0
0 0
0 0
0 0
0 0
0 0
0 0
0 0
0 0
0 0
0 0
0 0
0 0
0 0
0 0
0 0
0 0
0 0
0 0
0 0
0 0
0 0
0 0
0 0
0 0
0 0
0 0
0 0
0 0
0 0
0 0
0 0
0 0
0 0
0 0
0 0
0 0
0 0
0 0
0 0
0 0
0 0
0 0
0 0
0 0
0 0
0 0
0 0
0 0
0 0
0 0
0 0
0 0
0 0
0 0
0 0
0 0
0 0
0 0
0 0
0 0
0 0
0 0
0 0
0 0
0 0
0 0
0 0
0 0
0 0
0 0
0 0
0 0
0 0
0 0
0 0
0 0
0 0
0 0
0 0
0 0
0 0
0 0
0 0
0 0
0 0
0 0
0 0
0 0
0 0
0 0
0 0
0 0
0 0
0 0
0 0
0 0
0 0
0 0
0 0
0 0
0 0
0 0
0 0
0 0
0 0
0 0
0 0
0 0
0 0
0 0
0 0
0 0
0 0
0 0
0 0
0 0
0 0
0 0
0 0
0 0
0 0
0 0
0 0
0 0
0 0
0 0
0 0
0 0
0 0
0 0
0 0
0 0
0 0
0 0
0 0
0 0
0 0
0 0
0 0
0 0
0 0
0 0
0 0
0 0
0 0
0 0
0 0
0 0
0 0
0 0
0 0
0 0
0 0
0 0
0 0
0 0
0 0
0 0
0 0
0 0
0 0
0 0
0 0
0 0
0 0
0 0
0 0
0 0
0 0
0 0
0 0
0 0
0 0
0 0
0 0
0 0
0 0
0 0
0 0
0 0
0 0
0 0
0 0
0 0
0 0
0 0
0 0
0 0
0 0
0 0
0 0
0 0
0 0
0 0
0 0
0 0
0 0
0 0
0 0
0 0
0 0
0 0
0 0
0 0
0 0
0 0
0 0
0 0
0 0
0 0
0 0
0 0
0 0
0 0
0 0
0 0
0 0
0 0
0 0
0 0
0 0
0 0
0 0
0 0
0 0
0 0
0 0
0 0
0 0
0 0
0 0
0 0
0 0
0 0
0 0
0 0
0 0
0 0
0 0
0 0
0 0
0 0
0 0
0 0
0 0
0 0
0 0
0 0
0 0
0 0
0 0
0 0
358 -356
359 -357
-358 353
-358 353
355 -353
-356 -359
355 357
355 358
-354 -357
-356 -356
354 -356
356 357
356 356
354 359
-353 -358
352 358
-359 351
-354 -360
353 358
361 -353
351 359
359 -351
349 361
-363 351
352 360
352 360
351 359
-360 351
351 358
-353 -361
-356 -359
355 358
-357 353
352 356
356 -354
357 -356
355 357
-361 351
351 360
352 358
351 357
-360 353
358 -354
-360 353
358 -353
352 358
-353 -360
-353 -362
-360 355
-356 -358
-354 -357
-354 -357
-354 -357
-357 -359
-359 355
-359 355
-354 -357
356 -354
353 356
-360 355
358 -357
-356 -358
-357 354
-356 -356
-356 355
356 -357
356 -357
-354 -360
-359 352
351 358
353 358
-359 353
-354 -360
-360 353
-351 -360
-359 353
352 357
353 359
356 -357
355 -357
-356 -356
-356 355
355 -356
356 356
-357 357
355 355
355 355
-356 -356
-355 -356
-357 357
-357 -357
357 -357
356 355
355 355
-356 355
-357 356
-357 356
356 356
-356 -356
-356 -356
354 354
356 355
356 356
355 356
355 -356
-356 -356
355 355
-357 356
356 -356
-354 -359
358 -353
-353 -359
358 -353
359 -354
-360 353
354 359
-353 -359
352 358
-354 -359
353 359
-357 356
356 -356
-356 355
-356 -356
-356 -356
355 -357
-357 357
-357 356
355 -356
355 -356
355 354
356 -357
355 356
356 355
355 -356
356 355
355 356
355 -357
-357 -357
357 -357
-355 354
355 355
354 355
-357 -358
356 -357
-357 -357
-357 -357
356 355
355 -356
355 -357
-357 -357
-356 -357
355 -356
355 -355
355 -356
-357 -357
-358 355
355 355
355 -356
355 -356
355 355
356 356
-357 357
355 356
-356 -356
-356 355
355 355
-357 356
-357 356
356 356
-356 -356
355 -356
355 355
356 -357
-357 355
-357 357
-356 355
355 -355
-356 354
356 355
356 356
-358 356
355 -356
-357 355
355 -355
356 -357
356 -357
-353 -359
352 358
-359 352
-360 351
-353 -362
361 -353
352 361
359 -353
352 359
-352 -359
361 -353
355 358
-359 355
353 357
-357 353
-356 354
-356 -359
-356 -359
355 358
356 -353
-355 355
355 355
-357 -357
-357 -357
356 356
355 -356
-356 -356
354 354
356 356
-358 357
-356 355
355 355
-356 -356
355 355
-357 356
-357 -357
-357 -357
355 -356
-356 -356
356 -356
357 356
356 -358
356 356
-356 355
-356 -355
356 -354
359 -356
355 358
-353 -361
350 360
-360 351
351 359
-361 352
-353 -361
-364 351
349 361
351 359
361 -351
-362 352
-353 -361
352 362
349 361
-361 349
361 -350
-363 351
-353 -361
351 363
349 361
358 -352
-352 -360
-353 -361
-354 -360
361 -353
-360 351
-352 -360
-360 352
361 -353
358 -353
-360 353
358 -354
-359 351
352 358
353 359
357 -357
-357 355
-357 355
-356 356
-356 355
357 356
356 357
359 -354
-359 352
352 358
351 359
-360 354
-360 353
-360 354
353 358
-358 352
-353 -359
-359 353
-357 -357
356 356
-355 355
355 -356
-356 355
-356 -357
-357 356
-356 354
355 -356
356 356
355 356
-356 -356
-359 355
358 -355
-357 353
-356 -359
-359 355
355 359
355 358
-359 355
-359 355
-358 356
357 357
356 356
-357 -357
358 -357
355 358
355 358
358 -356
358 -356
-358 356
352 359
-354 -360
-354 -359
361 -353
-361 352
-361 353
353 359
-353 -360
-360 352
-353 -361
-362 352
-360 353
358 -354
-354 -361
358 -356
-356 -359
-356 -359
-356 -359
-354 -360
-360 353
-359 355
355 358
358 -356
-360 354
-356 -359
354 358
358 -357
359 -355
359 -355
-359 354
359 -357
358 -356
355 358
-354 -360
352 359
-360 353
-361 354
352 359
358 -357
-356 -359
358 -356
354 357
-356 -360
-360 354
-356 -358
-358 356
358 -359
-357 356
-359 355
-356 -359
358 -356
358 -356
355 358
355 358
355 358
358 -356
-358 355
-356 -359
-356 -359
-357 -357
-359 358
356 356
355 -358
355 -356
-359 358
355 -357
356 356
-357 356
-357 -357
356 356
-357 -357
-357 356
-356 -357
356 -357
356 356
356 -356
-357 -357
356 -357
-357 -357
356 356
-357 356
-357 356
356 356
356 356
356 356
356 -356
356 -356
-357 357
356 356
356 -357
-358 355
358 -356
-355 -358
-357 -359
358 -356
358 -357
358 -356
-359 355
358 -356
358 -355
-359 355
-357 356
356 -357
356 -357
-357 -356
-358 -357
356 -356
355 356
356 356
355 -357
356 355
355 357
-357 -356
-357 -357
358 -359
-357 355
-357 356
-357 -357
-358 359
-357 356
-357 -357
356 -357
-357 356
-357 -357
-357 -357
356 -357
356 356
-359 -359
-357 -357
356 356
358 358
-357 356
358 358
-357 -357
-357 -357
-358 356
-358 -357
-357 -358
-357 -357
-357 -356
-357 -357
-356 -358
356 -357
356 356
-356 -356
356 -357
356 -358
-357 -357
356 -357
-357 356
356 356
356 -357
-357 -357
356 356
-357 -356
-356 356
356 -357
356 -357
355 -357
-357 -357
-357 356
356 356
-357 -358
356 -357
356 -356
356 -357
-358 356
-357 356
358 -355
355 358
355 357
-354 -360
353 358
352 359
358 -354
353 359
-354 -360
-353 -361
-361 352
-360 353
353 359
353 359
355 358
-358 354
-356 -359
355 359
355 358
-359 355
356 -357
-357 -356
356 356
-357 -357
-359 -358
356 -357
355 356
356 -356
358 358
356 -357
356 -358
356 356
356 356
-357 -357
356 -356
356 -357
356 356
-357 -357
-357 -357
356 -358
-357 355
356 -358
357 358
-357 356
-356 356
-359 355
-360 357
358 -356
-357 -362
359 -354
-360 353
353 359
361 -357
-360 352
-361 352
361 -353
-354 -360
-361 352
-352 -361
359 -353
362 -353
-361 352
-361 353
352 361
-362 353
-354 -359
360 -353
-362 353
-360 353
-360 353
358 -354
358 -356
-360 353
-360 354
-354 -360
353 359
353 359
-356 -358
356 358
-359 355
355 358
-360 356
-357 -360
356 356
-357 -357
356 -358
356 356
356 -357
356 356
356 -356
358 -356
358 -356
358 -355
-356 -359
358 -356
-359 355
358 -356
-359 355
357 -355
-357 -359
-359 355
-357 -357
358 -359
-357 -357
-357 -357
356 -357
358 -360
356 -357
-356 -357
356 356
358 -359
-356 -357
-355 355
-359 352
-358 352
357 -353
359 -354
-353 -360
352 357
-353 -359
-354 -358
353 359
-357 356
-358 -357
-356 355
355 355
356 -354
-356 -359
355 357
358 -356
-357 352
356 -354
-354 -357
358 -356
-359 355
-353 -361
350 359
352 359
360 -352
-353 -361
-353 -361
-364 352
349 361
360 -351
-352 -360
360 -354
-354 -360
353 359
-359 352
358 -353
351 358
360 -352
357 -356
-359 355
356 -355
353 356
-357 353
354 359
358 -356
361 -353
-352 -360
-353 -359
-359 352
359 -355
-355 -360
352 361
352 359
359 -353
-352 -361
351 361
359 -354
-360 353
-353 -359
-359 352
354 359
-360 353
356 356
-357 -357
356 -357
-357 355
353 356
358 -356
355 358
-356 -359
-356 353
353 355
353 356
-356 -359
-359 355
-359 355
-357 353
355 -356
356 -357
-358 356
355 356
-357 356
-357 356
-356 355
-357 355
356 356
356 -358
356 -357
-356 -356
-356 -356
355 -356
-357 -358
356 356
-357 356
355 -356
-356 -356
-356 356
356 356
-357 -356
356 356
-356 -356
-356 356
355 -356
-357 356
356 -357
-357 -357
-356 -356
355 -356
356 -354
358 -356
355 358
355 358
-357 353
356 -354
356 -355
358 -356
-356 -359
355 358
352 356
-356 355
-356 -356
356 355
-358 356
356 -358
354 355
355 -355
355 355
356 -357
-357 -357
355 -356
356 -355
355 354
-357 -357
-357 -357
356 -357
357 356
356 356
-356 -356
355 -356
-357 -357
356 356
-357 356
355 356
-356 -356
354 -357
-357 356
356 -356
356 -357
356 356
354 355
-357 -357
-357 356
-357 -357
355 -356
-356 -356
355 -355
-355 355
356 356
355 356
-357 356
-356 -356
-356 355
-355 356
-357 -357
357 355
-357 356
355 355
-356 355
-356 -357
356 -358
356 -357
355 355
-356 -356
-356 356
-356 355
355 -358
356 357
-358 356
-356 355
-356 -357
355 356
-357 356
-357 -357
356 -357
355 -355
-356 355
355 -354
358 -356
-359 355
361 -353
359 -352
350 359
-360 351
-353 -361
352 360
-352 -362
-349 -361
-360 351
-360 352
-361 352
359 -354
-359 353
352 358
352 358
-359 352
-360 353
-357 356
356 -357
355 -356
-356 355
-357 -357
356 355
356 356
-358 355
-358 356
-356 354
-356 -356
356 356
356 -357
356 -357
-356 355
-356 355
355 355
356 356
-357 356
-357 356
355 -356
355 -356
-357 -357
-357 -357
356 -357
-354 -360
-354 -360
357 -353
-361 352
-361 352
351 360
352 361
353 361
-360 351
-360 351
352 360
358 -356
361 -353
359 -352
359 -352
-353 -361
351 360
-361 353
352 361
-360 351
-361 351
-352 -360
353 361
359 -356
-359 355
353 356
356 -354
357 -355
-359 355
-359 354
358 -356
-354 -357
353 356
358 -355
358 -357
-359 354
-356 -359
-356 -358
354 355
-356 355
355 -357
-357 -357
356 -358
-356 -356
-357 356
353 356
355 358
358 -357
358 -356
-357 353
356 -354
-357 353
-357 -359
-356 -359
-359 355
353 356
-356 354
-357 356
357 -358
356 -357
356 -356
-357 -356
355 -356
355 -355
356 -357
356 356
354 -356
355 -356
-352 -359
-353 -359
-359 352
-356 -362
-353 -359
-359 352
-359 353
-361 355
-359 358
355 -356
355 -356
-357 356
-360 357
359 -359
356 -356
356 -357
355 356
358 358
355 361
-359 352
358 -353
358 -354
356 361
-364 352
-361 349
-361 349
348 360
-353 -364
-356 -361
358 -353
358 -354
358 -353
354 360
358 357
355 -356
355 356
-356 -356
358 -359
-356 -361
352 358
-360 353
358 -353
355 360
-353 -364
348 360
349 360
-350 -361
363 -353
361 -356
357 -353
-353 -358
-361 354
361 -356
-359 -360
358 -359
355 -356
-356 355
-360 357
-358 358
355 -356
355 -357
356 355
-359 -359
358 358
355 355
-356 355
-358 358
-359 358
358 359
-360 -359
355 -356
-355 -355
358 358
-359 357
355 354
-356 354
356 356
-359 358
358 358
-356 355
355 354
-356 -356
357 358
-359 -359
-356 -356
-356 355
355 355
358 358
-359 -359
-355 355
-355 355
-356 355
358 -359
358 358
355 356
-356 -356
-356 -356
-358 358
358 358
355 -356
-357 -356
355 355
-359 358
-359 -359
355 354
354 355
355 355
358 -359
358 357
355 -356
355 355
358 358
-360 -359
-359 -359
-360 -359
-356 -356
355 355
-358 -359
358 -359
355 355
-356 -357
355 355
358 358
-359 -359
-359 -359
-355 -356
-360 358
-359 358
-359 -359
355 -357
355 -356
355 -356
-359 357
-358 -359
355 -356
355 -357
355 354
358 -359
-359 -359
355 355
-356 -357
354 -356
-359 -359
358 -359
-355 355
-356 -356
-356 355
358 -359
358 358
355 355
-356 355
-356 355
-359 -358
-359 357
355 -355
355 356
355 355
-359 357
361 -356
-359 352
351 358
-359 352
354 360
351 363
360 -349
-350 -361
-361 349
-352 -364
360 -355
358 -353
352 358
-353 -359
355 361
-359 -359
-356 -357
355 355
359 -359
358 359
358 358
358 358
355 356
-356 355
-359 358
-359 358
-357 -356
-356 356
-356 -356
-358 -358
358 -360
-356 354
355 -356
358 -359
358 358
355 361
-356 -361
357 -353
-356 -362
-361 355
355 361
355 360
-360 352
352 358
-362 355
-356 -361
351 358
-353 -359
-362 356
360 -355
-357 -362
-356 -361
-360 352
-354 -360
-356 -361
-360 -359
-356 -356
355 355
355 355
359 -359
-358 -359
-355 -356
355 355
358 -359
-359 -360
358 -359
358 357
356 355
354 355
358 358
-359 -359
355 355
355 355
-355 -356
-359 -359
-359 -359
-357 354
-355 -357
-355 355
-359 -359
357 358
-357 356
355 355
-359 -359
358 -359
-359 359
-359 358
355 355
-357 -356
-359 358
-356 355
355 -356
0 0
0 0
0 0
0 0
0 0
0 0
0 0
0 0
0 0
0 0
0 0
0 0
0 0
0 0
0 0
0 0
0 0
0 0
0 0
0 0
0 0
0 0
0 0
0 0
0 0
0 0
0 0
0 0
0 0
0 0
0 0
0 0
0 0
0 0
0 0
0 0
0 0
0 0
0 0
0 0
0 0
0 0
0 0
0 0
0 0
0 0
0 0
0 0
0 0
0 0
-352 -358
-357 351
-352 -356
-355 -360
349 358
-350 -359
349 357
348 360
348 359
361 -353
358 -350
-359 348
-358 349
-350 -359
358 -350
-360 356
-356 351
-356 352
353 353
-355 -354
355 -357
355 -357
-357 -357
353 -354
-354 -355
-354 353
356 -357
-357 -358
356 356
-353 -354
353 354
352 356
352 356
-355 -359
-356 352
-356 352
-357 351
-355 352
-359 355
-359 355
361 -353
-350 -359
356 -352
-356 351
356 -351
359 -354
-352 -357
-357 351
-352 -357
351 356
360 -354
-357 -357
-357 356
353 353
-354 -353
355 -353
355 358
358 -355
352 361
348 358
358 -350
-360 348
-352 -363
362 -352
-352 -363
359 -348
357 -350
-357 349
-353 -361
355 358
-356 -359
355 -353
-353 -354
354 354
356 -357
-357 -357
357 -357
353 353
-354 -354
353 353
356 357
-356 -357
-357 -357
-354 352
353 352
353 -354
-357 -357
356 -357
356 -357
354 353
353 -354
-354 353
356 356
355 356
356 356
352 353
353 353
353 -354
356 -357
-357 -357
356 355
353 -354
352 353
-352 -356
-356 -359
358 -357
-359 356
355 -353
352 355
-352 -357
352 359
-353 -360
-360 353
-352 -357
355 -353
-355 352
358 -356
355 357
-356 -359
-353 -357
-354 -354
354 353
-357 356
-357 356
-359 352
-352 -358
-352 -356
-357 350
359 -354
-353 -360
359 -354
-357 351
351 357
356 -352
358 -354
356 -357
357 -357
-354 353
352 353
-356 352
-359 355
-359 355
355 358
-353 -356
-352 -356
-354 -356
-356 -359
355 357
358 -356
-353 -357
354 -354
354 -354
356 356
356 -357
356 356
353 352
-354 354
352 356
358 -356
355 358
-356 -360
-353 -356
355 -352
-356 353
-356 -358
355 357
-356 -359
-356 352
353 353
354 -353
-355 -360
-355 -359
-356 -359
352 354
-356 352
-356 351
-356 -359
354 358
355 358
355 -353
353 352
351 355
355 359
-358 355
352 361
-359 349
-359 349
-359 349
-361 352
-361 352
-361 352
-359 349
350 356
-358 349
-362 353
-359 354
355 358
-356 352
352 355
-353 -355
355 358
358 -356
356 358
356 -353
352 353
353 355
-356 -359
358 -356
360 -352
358 -350
348 359
-359 349
350 358
-361 352
350 357
-359 349
352 355
348 358
361 -353
-359 355
358 -356
-353 -355
-353 -356
-353 -357
356 358
358 -355
-356 -359
355 -353
352 -354
-354 353
-357 -357
355 356
356 355
-354 -355
353 -354
-353 353
-357 356
356 -357
-356 -357
353 -353
-354 352
353 353
-357 355
-357 356
356 -357
-354 353
-354 -354
-356 353
-356 -359
-356 -359
358 -356
352 354
-356 352
-356 351
-356 -359
-359 355
-360 351
-349 -359
-357 351
-359 350
-359 349
361 -353
-360 349
-351 -360
-359 348
-360 349
-362 351
355 358
-356 -358
-353 -356
-354 -354
353 353
-357 356
-356 -357
-357 -356
353 -354
-354 353
353 353
356 356
-357 355
356 -358
-354 -354
-354 353
351 355
358 -356
-359 355
361 -353
349 358
349 358
349 358
-359 349
360 -352
-350 -359
359 -351
356 -353
356 -352
-360 353
356 356
353 -354
-353 -353
354 357
358 -356
355 -353
-356 352
-357 351
358 -354
-354 -360
351 362
349 360
358 -349
-359 349
361 -353
-361 352
361 -353
-359 349
351 356
351 356
-360 354
-357 -357
356 -357
354 -355
353 -354
-354 353
356 355
-357 356
-357 -356
-354 -354
353 353
-353 -354
356 -357
355 356
358 -355
-352 -357
-357 351
-358 351
353 359
-355 -361
-360 353
-358 352
351 356
358 -350
-361 352
-356 -358
-356 -359
-355 352
355 -354
-356 352
358 -356
-356 -359
358 -356
355 -353
352 -354
-354 353
-357 357
356 -357
-354 -360
356 -352
351 357
358 -349
361 -353
-361 352
-351 -363
-349 -361
358 -349
358 -348
351 363
-362 353
-361 352
-350 -360
351 355
352 356
359 -354
-357 356
-357 -356
-354 -354
354 -354
353 353
356 356
-357 356
-358 357
-354 -355
353 -354
353 -354
356 356
-357 -357
357 355
352 353
354 -354
353 353
356 356
356 -357
356 356
-353 353
-354 -354
354 -354
355 356
355 -357
-357 -357
353 -355
-354 -354
353 -354
356 355
-357 357
-354 -360
-357 351
355 -352
355 -351
353 359
-360 354
-353 -361
-350 -358
358 -350
-350 -359
360 -353
359 -354
353 359
-357 351
350 356
-357 350
356 -352
-357 -356
-354 -354
-354 -354
-354 353
-354 -356
-359 356
-355 -358
358 -356
-352 -355
351 355
355 -353
-359 355
-359 355
-356 -358
-352 -356
353 352
354 -355
355 355
356 356
-360 353
350 356
355 -351
357 -352
353 359
359 -354
-361 353
-358 351
-352 -357
356 -352
-352 -357
-357 356
-357 356
353 353
-354 -354
-353 354
-357 356
356 357
353 358
-357 351
351 356
351 356
-360 353
353 359
353 358
-352 -356
356 -352
-357 351
353 359
356 356
353 360
-352 -356
356 -352
-357 351
-353 -360
-354 -360
359 -354
-358 351
-357 351
-357 351
-353 -360
356 356
359 -354
356 -351
-357 351
358 -349
361 -353
-353 -361
-353 -362
-350 -359
349 358
-350 -359
-353 -361
358 -355
-361 352
-351 -359
351 355
-353 -357
356 -353
359 -354
356 -351
-351 -357
356 -352
-352 -357
352 359
355 -357
359 -354
351 356
-352 -357
-359 349
-353 -361
352 361
-361 352
358 -350
-350 -359
-350 -359
352 361
-356 -359
-354 -362
-350 -359
-351 -357
-357 351
-360 354
-360 353
-354 -359
-353 -357
-352 -356
-352 -357
353 360
356 356
-357 -356
-354 353
353 354
353 -355
356 356
-357 356
356 -357
-354 353
-354 -354
353 -354
-357 -357
-357 357
-357 357
353 -354
353 -354
353 -354
-357 -356
356 356
-360 353
-353 -357
356 -352
-357 351
352 356
-360 353
355 -351
351 356
356 -352
350 358
-352 -361
-359 354
-361 352
-359 349
-359 349
-359 348
358 -350
-361 352
349 358
359 -351
351 356
356 -352
-353 -360
-357 -357
-356 356
353 -355
354 -354
353 -353
-357 355
-357 -357
356 356
352 -355
-355 -354
353 -354
356 -357
356 356
359 -354
-357 351
356 -352
-350 -359
-354 -361
360 -352
352 361
-351 -359
349 358
349 358
-352 -361
358 -355
352 355
355 -353
-354 354
-357 356
353 -354
-359 358
358 -358
355 -357
-355 355
-359 358
358 357
-356 -356
355 354
355 355
357 -360
358 358
-356 -356
355 355
-356 355
-359 -359
-358 -359
-356 355
354 -356
356 355
358 358
-359 -359
-356 -357
355 355
355 -355
358 357
359 358
-356 355
355 355
-356 355
-360 -359
355 361
352 358
352 358
360 -355
-361 355
-355 -362
355 361
358 -353
-358 352
361 -356
358 -359
355 -355
-357 355
355 -356
358 -359
358 358
-356 355
355 355
355 355
358 -359
357 358
-356 355
-356 -357
354 -356
-359 -359
358 -359
-355 355
-357 355
-360 358
358 359
357 358
-359 358
-356 354
-356 355
-359 -359
-359 -359
355 -356
-357 -356
-355 355
358 358
361 -356
-359 352
-359 352
358 -353
-356 -362
354 360
359 -353
352 358
358 -353
355 360
358 -359
355 -356
354 -356
-357 -356
359 358
-359 -359
355 356
-356 -356
355 354
358 -359
358 357
355 355
355 -356
356 -356
-360 358
-359 357
355 -356
-356 -356
354 -356
359 -359
357 358
-356 355
355 355
-356 -356
-359 357
-359 358
-356 355
355 355
-356 -356
-359 358
-358 -359
-357 -356
-356 355
-356 354
-358 -359
361 -356
-360 352
-353 -359
356 361
-361 354
361 -356
-362 354
358 -352
-353 -359
358 -352
-359 358
355 -356
355 -356
-359 357
358 358
-355 -362
361 -356
-359 352
356 361
356 362
-361 355
-361 356
359 -353
-361 355
361 -356
-355 -361
-356 -361
-353 -359
355 361
360 -355
-356 -361
-356 -361
-359 352
-353 -360
355 361
-358 -359
355 -356
354 -356
-359 358
-359 -358
-359 -359
359 358
-355 354
355 355
-359 -359
-359 358
-356 355
355 355
-356 -357
-359 -359
358 357
-356 354
-355 355
-357 354
-358 358
358 -360
-356 -357
-356 356
-356 -356
-358 -360
-360 357
355 355
355 -356
355 -355
357 358
-359 -359
-355 354
355 -355
358 358
357 359
361 -356
-361 355
-359 352
-361 355
-356 -361
-361 354
-356 -361
-359 353
-353 -359
355 361
359 -359
355 355
354 -357
-357 355
359 358
358 -359
-357 355
-356 354
-356 356
357 -359
361 -356
357 -353
352 358
352 358
355 361
355 361
-359 352
-354 -359
-352 -358
-356 -361
358 -359
355 -356
-356 355
-355 355
357 -359
-358 358
-356 355
-356 -355
-357 -357
358 358
357 -358
-356 355
-356 -356
358 -359
-358 -359
358 358
358 -359
-356 355
356 355
-358 358
-359 -358
356 -356
-356 355
-356 355
358 -358
-361 355
352 358
-359 352
354 360
355 361
354 360
355 361
-356 -362
-362 355
361 -356
0 0
0 0
0 0
0 0
0 0
0 0
0 0
0 0
0 0
0 0
0 0
0 0
0 0
0 0
0 0
0 0
0 0
0 0
0 0
0 0
0 0
0 0
0 0
0 0
0 0
0 0
0 0
0 0
0 0
0 0
0 0
0 0
0 0
0 0
0 0
0 0
0 0
0 0
0 0
0 0
0 0
0 0
0 0
0 0
0 0
0 0
0 0
0 0
0 0
0 0
356 356
-357 356
356 356
-356 -356
-356 -357
356 -357
356 -357
-357 356
355 -356
-356 -356
356 -356
-357 -357
356 356
-358 356
-356 -356
355 355
-355 355
356 356
-357 356
-357 356
-356 355
-356 -356
354 354
356 356
356 -357
357 -357
-356 354
355 355
355 -356
-357 -357
-357 356
-357 -356
355 355
355 -356
-356 355
-357 -357
356 356
359 -354
-354 -359
-353 -359
-353 -359
353 359
359 -354
353 359
-353 -360
353 358
358 -352
-354 -360
356 356
-357 356
355 -356
356 355
-356 355
-357 356
356 -357
356 -357
-356 -356
355 355
-356 355
356 356
-357 -356
-357 -357
355 355
355 355
-354 -357
-359 355
357 -356
358 -356
353 356
356 -353
358 -356
357 -355
-359 355
355 358
-359 355
355 354
356 -354
-359 355
-357 -359
354 357
-358 353
356 -354
-354 -357
-356 -360
-358 355
-361 352
-352 -360
-352 -360
351 359
-353 -361
-353 -361
360 -354
352 358
-353 -360
351 359
-361 352
-359 354
-356 -359
356 -354
355 356
355 -355
355 355
-357 356
355 -358
-356 355
-356 -356
-356 353
355 359
-360 355
-356 -359
356 -354
-354 -357
-356 353
358 -357
-359 355
357 -356
352 356
-355 -356
355 355
356 -357
357 355
356 356
-356 -357
-357 355
356 -356
356 -356
356 -358
356 -357
-356 -356
-356 355
356 -354
358 -356
-359 355
-356 -359
356 -354
-357 353
353 355
-359 355
358 -356
-362 353
360 -352
353 358
353 359
353 358
359 -354
-360 352
353 359
353 359
-353 -360
-354 -359
-356 -356
-357 -357
-356 -356
-356 355
-357 -357
-357 -357
356 356
352 359
-360 353
-359 352
358 -355
-360 353
359 -354
353 359
-360 353
-352 -359
360 -354
-354 -360
-357 -357
-360 353
359 -353
-359 352
-353 -361
-353 -361
361 -353
-361 352
-361 352
350 360
351 359
-353 -361
358 -356
-356 -358
-354 -358
355 -356
-356 -356
356 -357
356 -356
356 -356
356 -357
-356 -356
-355 -356
356 -357
356 356
-357 356
-356 355
-356 -356
-356 -356
-358 356
-357 -357
-357 -357
355 354
355 355
-354 -357
359 -356
358 -356
-356 -358
-357 353
357 -354
-354 -357
356 358
-355 -359
358 -355
356 -354
-356 -356
-356 355
-357 356
356 -356
-358 357
-355 355
-355 -355
356 355
356 -357
356 356
-359 353
-353 -360
-353 -359
359 -354
352 359
353 359
-354 -359
359 -354
-359 351
-353 -359
-360 353
356 -357
-358 356
355 355
-356 -356
353 356
358 -355
358 -356
-360 355
354 356
356 -354
353 356
-356 -359
357 -357
352 361
-360 351
-353 -359
352 358
-354 -360
-361 353
352 359
-353 -359
-359 352
-359 352
359 -353
-357 -357
-357 -356
355 -355
355 -356
-356 355
356 -357
355 356
-357 -356
-356 -356
355 -356
-356 355
357 -357
-357 -357
-357 -357
-355 -356
-356 -356
-356 356
-357 356
355 -357
356 -357
355 -357
-356 -356
-356 -356
356 -357
-357 357
-357 356
354 -356
355 -356
356 355
356 355
355 -357
-359 353
-359 353
-359 352
353 359
-354 -360
354 359
-354 -359
359 -355
353 358
-354 -360
-354 -360
358 -359
356 356
356 -356
357 355
-357 357
356 357
-356 -357
-356 355
356 356
356 356
-357 356
-357 356
-357 356
-357 -358
356 -357
356 -358
-357 356
-357 -357
356 -357
-356 -357
-357 356
-356 -357
356 -357
355 356
356 356
-357 356
356 -357
-357 -357
-357 -357
-356 -356
-357 -356
-356 -357
-357 -356
-357 -357
356 -357
-357 -357
355 -357
358 -356
358 -356
355 358
356 358
-355 -359
358 -355
-359 356
356 358
-359 355
355 358
357 -357
-357 -357
-356 -357
-358 -358
357 355
-357 -357
-357 -357
-357 -357
-356 -357
355 -357
357 356
-357 356
356 -358
-357 356
355 356
356 -357
-357 356
355 358
-360 355
-356 -359
358 -356
-359 356
358 -356
-357 -360
358 -356
-356 -359
358 -356
-359 356
356 356
-355 -359
355 358
355 358
-356 -359
-359 355
-357 -358
-356 -359
-359 356
355 358
-354 -360
360 -354
359 -356
359 -355
-354 -360
353 359
-356 -361
-354 -359
-360 353
-361 353
355 360
355 358
-356 -359
359 -357
356 356
-358 356
356 -357
-357 356
356 356
-357 -357
-357 356
-358 355
-355 -359
358 -357
356 358
358 -356
-355 -359
355 359
355 359
-356 -359
-359 355
355 358
356 -357
-357 356
-357 -357
356 -357
-357 -357
-357 -356
-356 -357
357 -357
-356 356
356 356
356 355
-357 -357
-356 -357
358 -356
358 -356
355 358
-356 -359
-359 355
355 357
359 -356
-355 -359
355 358
354 359
-361 353
355 357
356 359
-359 355
358 -356
356 357
359 -357
355 358
355 358
-356 -359
-357 -357
356 357
-358 356
-357 -356
-359 -359
356 -357
356 -357
-359 355
359 -358
358 -356
356 359
355 358
-359 355
-359 355
356 358
358 -356
-360 356
357 -356
356 -356
355 358
-360 356
355 357
-361 355
353 360
-359 353
-357 -362
-356 -361
359 -354
-360 353
355 361
358 -356
355 357
355 358
355 356
358 -359
-358 357
-356 357
-357 -357
-360 358
-358 357
-357 -357
-357 -357
356 355
357 -357
356 -357
-357 356
356 -356
-357 -357
-356 356
357 357
356 356
356 356
-356 -359
-360 356
355 358
-355 -359
358 -356
358 -356
359 -356
355 358
355 359
-359 354
-360 354
355 -357
-356 -357
-357 -358
356 -357
-357 357
-357 -358
356 357
-359 -359
-357 356
-357 -357
358 -356
-360 356
-356 -359
358 -357
-359 355
-356 -359
358 -356
356 359
-355 -358
355 358
-358 356
355 356
-357 -357
-358 357
-357 -356
-355 -359
354 358
-356 -359
358 -356
355 357
-360 354
358 -356
358 -356
-359 355
-354 -360
-354 -360
359 -356
358 -356
-359 354
-356 -359
-359 354
-358 355
-360 356
356 357
-359 354
-357 356
-357 356
-357 -357
356 -356
356 356
-357 -357
356 355
-357 -357
356 -358
-357 356
356 -356
356 -357
-357 356
358 -359
356 356
356 -357
-359 -359
357 358
-357 -357
-357 356
-359 -359
-357 356
356 356
-357 -357
356 355
-356 -357
-357 -357
355 -356
-358 -358
356 -357
356 356
-355 -359
358 -356
358 -356
-360 356
-355 -359
356 358
355 358
358 -357
356 360
-356 -359
358 -356
357 -357
-356 355
-356 354
-357 355
357 -357
-355 -356
-356 -357
354 355
356 356
-357 -357
356 356
355 355
355 354
355 355
-357 356
356 -357
-357 356
-356 355
-356 355
355 -357
-357 -357
356 356
-357 356
-357 355
-356 355
355 355
356 356
356 356
-357 357
355 -356
-355 355
355 -356
-357 356
356 -358
357 -357
-355 355
355 -356
-354 -357
357 -356
-357 -359
-359 355
-354 -357
356 -354
-357 352
-360 355
-356 -359
355 358
-354 -358
356 355
-356 -356
-357 -357
356 -357
356 356
-356 355
-356 356
-357 -356
357 -357
-357 355
-357 -357
355 355
-355 355
-356 355
356 356
357 -357
-360 353
-353 -359
-352 -359
-359 352
-360 353
358 -354
-355 -360
358 -352
359 -353
-359 351
-360 353
-357 356
359 -353
-352 -359
-353 -359
-359 352
-354 -359
353 359
-360 353
-354 -359
-359 352
351 358
352 361
-356 -358
352 360
-352 -360
-352 -360
-361 352
-362 352
361 -353
352 361
-352 -362
-352 -359
-359 353
354 358
-357 -357
-358 -357
355 -356
-356 355
355 355
-357 356
356 356
-354 -360
359 -353
352 358
-359 353
-354 -359
359 -354
-360 353
-359 351
351 357
-353 -359
-354 -360
-357 356
-357 -357
-356 355
-356 -355
355 356
356 -358
356 356
-357 -357
355 -357
-356 -356
-356 -356
-357 -357
-357 -357
-354 -360
-359 352
353 358
352 358
-360 353
-354 -361
359 -355
352 358
-359 353
-360 351
-361 352
358 -356
-360 355
-354 -357
356 -353
352 355
357 -356
355 358
358 -357
355 358
354 355
356 -356
-357 356
356 356
357 357
355 -356
355 355
-354 -357
358 -356
-360 354
358 -356
356 -354
356 -354
-354 -357
-356 -359
-356 -359
357 -356
353 356
-356 354
-357 352
355 357
-359 355
361 -352
359 -352
-352 -360
-353 -361
-353 -361
-362 352
361 -353
-362 353
358 -354
352 358
359 -354
357 356
356 356
355 355
354 -356
355 -356
356 -357
-357 356
355 -358
-356 -355
-356 -356
355 355
356 -357
-356 -357
-356 -357
356 -356
-356 355
355 356
-357 356
356 356
359 -354
-354 -359
352 359
-353 -359
352 359
-354 -360
353 359
357 -353
-358 352
358 -353
-355 -360
356 -356
355 356
355 355
-356 -356
356 355
356 356
356 356
356 -357
356 -356
-357 -356
353 356
355 358
-356 -360
358 -356
-354 -357
354 356
353 356
-356 -359
-359 355
356 358
-353 -357
356 355
-356 -355
-357 356
-355 356
359 -355
-352 -359
352 358
359 -353
-353 -360
353 358
353 359
358 -353
352 359
352 359
352 361
-356 -358
355 358
353 355
-355 -357
357 -354
358 -355
-356 -359
-357 -359
354 356
-355 -357
-356 355
-357 -358
356 357
-357 -356
355 -356
-356 355
-356 -355
357 357
356 -356
357 -358
-356 356
356 354
356 -357
356 355
356 356
356 356
356 356
-355 355
-356 -356
-357 -356
356 -357
-356 355
356 355
-356 -357
-355 -357
356 -357
356 355
-357 356
-356 -356
-356 355
-354 -357
-356 -359
-359 355
-359 354
356 -354
-355 -358
-354 -357
-359 355
358 -356
353 355
353 356
358 358
-356 355
-356 -357
-359 -359
-356 -356
355 355
-355 -356
-359 359
358 -359
-356 355
-356 355
-357 -356
-359 358
-359 -359
-356 -357
-356 -356
355 356
-359 358
358 358
-356 -356
355 355
355 355
358 -359
358 358
355 356
355 355
355 -355
-359 -359
-359 358
354 355
355 -356
-355 354
359 358
358 358
-356 355
355 -356
355 355
358 -359
358 358
-356 355
-355 355
355 -356
-360 -359
358 358
-356 354
355 355
355 355
358 358
-359 -359
354 355
-356 -356
-356 355
-358 -359
355 361
352 358
-353 -359
-359 351
355 361
355 361
-353 -358
-352 -359
358 -354
360 -355
361 -356
358 -353
352 358
358 -353
-361 354
-361 355
352 358
358 -353
352 358
-361 355
361 -356
-358 352
-359 352
-361 355
361 -356
-356 -361
355 361
-359 351
-359 352
-357 -362
358 357
-356 355
355 -356
355 -356
-359 358
-361 355
357 -352
-359 352
-359 353
-356 -362
-357 -362
-353 -359
-353 -359
352 359
354 361
358 -360
356 355
355 354
-356 356
-359 358
358 358
-356 355
355 -356
-356 355
-359 -358
-356 -361
-353 -359
353 358
358 -353
-361 355
361 -356
352 358
358 -353
359 -352
-356 -361
358 358
355 -356
355 355
354 356
-359 358
358 -359
-359 -359
355 -356
-356 -356
-358 -359
357 358
-357 355
355 -355
355 -357
-360 -358
-360 -359
355 355
355 -355
355 -356
-359 358
-358 -359
355 355
-357 356
355 355
-359 -359
-356 -361
-359 352
-359 352
-356 -362
360 -356
360 -356
-356 -361
359 -352
358 -354
-362 356
-359 -358
355 -356
-356 -355
-356 -357
-359 -359
358 -360
-356 -357
356 355
355 355
-360 -359
357 -359
-356 355
-357 354
358 -359
358 358
-356 -361
-355 -361
-353 -359
-359 351
361 -357
360 -356
352 359
352 358
-353 -359
-361 355
-359 -358
-356 -356
355 355
355 356
358 358
358 358
-356 -356
355 -356
355 356
358 357
358 358
355 -356
355 355
355 355
-359 358
-359 359
355 355
-356 -356
-355 355
-359 358
355 361
-359 352
352 358
352 358
-356 -361
361 -356
-359 352
352 359
352 358
356 361
358 -359
-356 -356
-355 -356
355 -356
358 -359
359 357
355 355
355 355
-356 -356
358 358
358 358
-355 355
355 -356
355 -356
-359 -359
358 -359
-356 -355
356 -356
358 357
-359 358
358 -359
358 -358
-356 -356
-356 355
-359 358
-359 358
-356 -356
-356 354
-356 355
358 -359
-358 359
355 355
-356 355
355 355
358 -359
358 357
355 355
355 355
355 -356
358 358
355 355
-356 -356
0 0
0 0
0 0
0 0
0 0
0 0
0 0
0 0
0 0
0 0
0 0
0 0
0 0
0 0
0 0
0 0
0 0
0 0
0 0
0 0
0 0
0 0
0 0
0 0
0 0
0 0
0 0
0 0
0 0
0 0
0 0
0 0
0 0
0 0
0 0
0 0
0 0
0 0
0 0
0 0
0 0
0 0
0 0
0 0
0 0
0 0
0 0
0 0
0 0
0 0
353 -354
-354 -354
-355 353
-357 356
356 356
-354 353
-354 354
-354 352
-357 356
-357 -357
-357 356
-355 -354
-354 -354
-356 351
355 358
355 358
358 -356
355 -353
352 355
-357 351
-354 -360
353 359
362 -352
-349 -361
349 359
358 -350
361 -353
360 -353
-352 -361
359 -350
-357 351
351 356
359 -354
356 356
-360 353
356 -352
-352 -356
-350 -360
-354 -362
360 -352
-352 -361
358 -349
358 -350
358 -350
352 361
359 -355
358 -356
-352 -356
353 353
353 353
356 356
356 -357
357 -357
-354 353
-354 -354
353 353
356 356
355 -357
355 -357
353 -355
353 -354
353 354
-357 356
356 355
-357 356
-354 -354
354 -354
355 -353
355 358
-358 354
-356 -360
356 -353
355 -354
-353 -356
358 -356
-356 -359
-361 352
349 358
-352 -357
-356 352
-352 -358
-352 -357
359 -349
358 -350
-359 349
349 358
-361 352
359 -354
-361 351
349 358
358 -350
-359 349
-359 349
-354 -360
-357 351
351 356
-352 -357
-357 350
351 356
356 356
352 356
-358 351
356 -352
356 -352
-360 353
359 -354
359 -354
350 356
350 356
-359 349
361 -353
355 357
-359 355
-353 -355
-353 -356
-356 351
-356 -360
358 -355
357 -356
356 -353
-354 -354
-354 353
-356 356
-357 356
359 -354
356 -352
-352 -356
351 355
-358 351
353 359
-357 350
-353 -356
356 -352
-357 351
-361 353
356 356
-357 356
-355 352
353 -354
-354 -355
-354 -354
-357 356
353 352
-354 -354
-354 -354
353 353
353 -354
-357 356
-352 -357
-357 351
351 356
-351 -357
360 -354
359 -354
-361 353
351 357
-357 351
-357 350
-354 -360
-357 -356
356 -357
-354 353
-354 353
-354 -354
-357 -356
356 -358
359 -355
-357 351
-357 351
-352 -358
-360 353
359 -353
-360 352
-351 -357
351 356
352 356
352 359
-358 -357
-357 -357
-354 -354
353 -354
353 353
356 357
-357 -357
-360 353
-356 351
-352 -357
349 358
-354 -362
-361 351
-362 352
-350 -359
-350 -359
-350 -359
-353 -361
-355 -360
-361 352
349 358
-357 351
351 356
359 -355
353 359
-353 -360
356 -352
351 356
351 356
-360 353
-357 -357
355 -357
-354 -354
-354 352
-353 353
-357 356
-358 355
-358 356
353 -354
-353 -354
-354 -354
357 -357
-357 356
-357 -357
-353 353
-354 354
354 353
356 356
355 356
356 356
353 -354
353 353
-354 353
355 -357
-356 -357
-358 356
352 353
353 353
352 356
355 357
358 -356
355 357
353 355
-355 353
-357 351
353 359
-360 354
-359 353
357 -351
-353 -356
-356 351
353 359
-354 -359
-363 351
348 360
-359 349
348 359
-363 352
351 362
-363 351
348 359
-359 349
359 -348
-352 -364
353 359
362 -352
359 -348
-350 -359
-359 349
361 -353
-353 -361
-353 -361
349 358
351 356
-352 -356
353 359
356 -357
353 359
351 356
351 356
358 -350
361 -353
353 361
361 -353
-350 -359
358 -350
-350 -359
352 360
355 358
-356 -359
352 355
-353 354
-354 353
357 357
-358 355
356 -357
-353 353
-354 -353
354 353
356 356
356 -357
353 -355
-354 353
-357 -357
356 -357
-354 -354
353 -354
353 -353
-357 -357
-357 -357
356 356
354 -354
-353 353
-354 353
-357 -357
356 356
359 -354
-352 -356
-351 -356
-352 -357
-353 -360
353 359
361 -353
358 -350
-359 348
-360 348
362 -352
352 361
352 361
348 358
-350 -359
348 358
352 361
-358 354
-356 -360
-354 -356
-354 353
-353 -356
358 -356
-358 355
-361 352
358 -350
358 -349
-351 -359
361 -353
353 361
-362 353
-359 349
356 -352
-352 -356
353 359
356 356
-357 356
353 -354
-354 353
-354 -353
356 -357
356 357
356 356
354 -354
-354 354
-354 353
355 -357
-357 356
-357 -357
353 -353
-354 -354
353 -354
-356 356
355 -357
353 359
-357 350
357 -352
356 -352
-354 -360
359 -354
-360 353
-353 -356
351 355
349 358
-353 -361
357 -356
357 -356
355 -353
-357 353
352 355
358 -353
-360 353
-353 -360
-358 351
-353 -356
351 356
353 359
353 358
-354 -360
-358 351
355 -353
351 355
356 358
358 -356
-356 -359
-356 352
352 353
-353 -356
-360 355
358 -356
-356 -359
-353 -356
-353 -356
355 -353
-356 -358
-356 -359
353 361
358 -350
357 -352
350 356
-354 -360
353 359
358 -354
357 -352
355 -352
-357 350
359 -354
355 356
356 -357
353 352
353 -354
352 356
355 359
-356 -359
355 358
-356 352
355 -353
356 -353
-356 -359
-359 354
356 358
354 -353
353 353
-354 -355
355 -357
-357 356
356 -358
353 -355
353 353
-355 -355
-357 -357
-358 -357
-357 -358
-357 356
353 -354
351 354
-356 -360
-359 355
-359 355
356 -352
352 355
-354 -356
-356 -359
-356 -359
355 358
-355 352
353 -355
353 -354
-357 -357
-357 -357
356 356
-354 353
-354 -354
-353 -355
-356 -359
355 359
356 358
-356 352
352 355
355 -353
358 -356
355 358
358 -356
-356 352
353 -354
353 -353
-357 357
-357 -357
356 -357
-355 354
-354 -355
-353 -356
-356 -359
358 -356
-353 -361
-350 -359
-350 -359
349 358
-353 -361
-361 351
352 361
-350 -359
-357 351
-350 -359
-361 352
357 -356
357 -355
-356 352
355 -353
355 -352
-358 355
-356 -358
-359 354
-354 -355
353 -355
-355 353
355 356
-357 -357
356 -357
-354 352
352 -354
353 353
-356 -357
-358 -358
357 -357
353 -354
352 -353
353 353
-357 357
-357 -357
356 355
-354 352
-354 353
352 353
-358 355
356 356
-358 356
353 -354
-354 353
-354 353
-357 355
356 357
353 359
356 -352
-357 351
351 355
-355 -360
-360 353
361 -353
-349 -359
-359 350
-350 -358
351 361
359 -354
361 -353
-350 -359
349 357
359 -349
-352 -363
352 361
-364 351
-349 -360
348 359
-349 -360
362 -353
361 -353
-352 -363
360 -349
349 358
-360 348
362 -352
-360 351
352 361
-359 349
-358 349
-359 349
361 -353
357 -356
-357 -359
-353 -356
-354 353
355 -353
359 -357
-356 -359
-361 351
-359 349
358 -349
-349 -359
-361 352
-361 352
360 -353
349 357
350 356
-352 -357
359 -354
356 -357
356 -357
-353 -354
-354 353
353 353
357 -357
356 -357
352 353
-355 353
-357 -356
-357 356
353 353
