31752
4765
1206
363
9046
23754
57275
9171
54130
986
694
1403
1403
208
56884
7480
31218
41994
573
6649
6649
12609
208
1403
1403
1403
1403
207
1403
207
1403
208
1403
1403
1403
1403
207
1403
208
1403
208
363
1403
1403
1403
1403
1403
208
2981
1403
1403
1403
207
1403
208
1403
1403
1403
1403
207
1403
208
1403
1403
207
1403
208
1403
1403
207
1403
208
1403
208
1403
1403
1403
1403
4360
12787
18319
38373
17320
3780
13686
8467
28689
213
12082
16980
33045
11128
1317
33981
18113
3677
7780
4643
3693
11828
32798
42154
7841
24441
2908
13509
20102
9328
32033
19544
4066
32027
33453
16315
10503
52841
34167
43297
28344
5234
16589
30924
17103
39295
34588
19674
32669
3334
4776
32134
28631
9569
19361
18410
18223
25051
27167
2675
7614
29111
1737
54430
32303
14145
59720
7307
7008
8227
13678
51197
13838
31886
32000
53296
6003
10574
956
5511
2506
17897
32958
21523
12761
16129
8315
176
43490
24835
6196
22568
57801
35712
28570
20866
5747
5462
10870
9302
9249
13722
26351
15181
42002
23464
42330
29154
16981
17602
40720
31772
373
32845
16465
34500
13457
17991
39946
32316
16694
51895
42897
15550
37272
17725
18734
32523
37135
5167
49377
434
8784
1159
2708
60624
28193
42332
23536
43558
16433
8285
22481
22510
63126
52900
14162
2346
11191
20261
29624
15567
13144
37938
1412
1108
51550
216
1977
11443
12433
25600
30716
6584
26502
29985
27257
808
18955
45055
14976
24607
16526
6931
474
21116
15975
31238
57538
10868
3959
13163
28391
25106
44667
39659
26197
5179
12118
27107
12175
7660
30232
3530
363
56669
363
1070
716
53806
17186
16045
